0 0.018656716417910446 0.5020242914979757 0.03731343283582089 0.340080971659919
0 0.05845771144278607 0.5 0.0472636815920398 0.340080971659919
0 0.12935323383084577 0.48380566801619435 0.05970149253731343 0.31983805668016196
0 0.1927860696517413 0.5404858299595142 0.05721393034825871 0.47368421052631576
0 0.24751243781094528 0.6072874493927125 0.05472636815920398 0.6477732793522267
0 0.35074626865671643 0.4939271255060729 0.07213930348258707 0.5101214574898786
0 0.39925373134328357 0.4757085020242915 0.022388059701492536 0.32388663967611336
0 0.5111940298507462 0.631578947368421 0.18407960199004975 0.6720647773279352
0 0.6218905472636815 0.5546558704453441 0.06218905472636816 0.611336032388664
0 0.6330845771144279 0.3603238866396761 0.024875621890547265 0.05263157894736842
0 0.6753731343283582 0.5364372469635628 0.0472636815920398 0.5182186234817814
0 0.7114427860696517 0.47368421052631576 0.024875621890547265 0.3441295546558704
0 0.746268656716418 0.48785425101214575 0.04477611940298507 0.4291497975708502
0 0.7922885572139303 0.39473684210526316 0.04228855721393035 0.22672064777327935
0 0.8370646766169154 0.5060728744939271 0.0472636815920398 0.4939271255060729
0 0.8706467661691543 0.34615384615384615 0.02736318407960199 0.06477732793522267
0 0.900497512437811 0.44534412955465585 0.03731343283582089 0.3157894736842105
0 0.9601990049751243 0.48582995951417 0.07960199004975124 0.3319838056680162