0 0.22438524590163936 0.6147540983606558 0.11168032786885246 0.3989071038251366
0 0.42110655737704916 0.5837887067395264 0.1260245901639344 0.453551912568306
0 0.5963114754098361 0.5837887067395264 0.1260245901639344 0.43169398907103823
0 0.7243852459016393 0.41712204007285975 0.03790983606557377 0.15664845173041894
0 0.8621926229508197 0.5664845173041895 0.15881147540983606 0.4353369763205829
0 0.04559426229508197 0.5163934426229508 0.05327868852459016 0.30783242258652094
0 0.09528688524590163 0.5163934426229508 0.04610655737704918 0.2586520947176685
0 0.2494877049180328 0.42714025500910746 0.027663934426229508 0.12932604735883424
0 0.2725409836065574 0.43989071038251365 0.02459016393442623 0.14025500910746813
0 0.31864754098360654 0.42896174863387976 0.017418032786885244 0.11839708561020036
0 0.3447745901639344 0.4089253187613843 0.02151639344262295 0.07650273224043716
0 0.22694672131147542 0.39344262295081966 0.02971311475409836 0.06739526411657559